エージェント0's MentalSpace 
エージェント名:0,
信頼度:0
対応表:
0, 0, 1, 0, 
0, 1, 0, 0, 
0, 0, 1, 0, 
0, 1, 0, 0, 
1, 0, 0, 0, 
エージェント名:1,
信頼度:0
対応表:
0, 0, 1, 0, 
0, 1, 0, 0, 
0, 0, 1, 0, 
0, 1, 0, 0, 
1, 0, 0, 0, 
エージェント名:2,
信頼度:0
対応表:
0, 0, 1, 0, 
0, 1, 0, 0, 
0, 0, 1, 0, 
0, 1, 0, 0, 
1, 0, 0, 0, 
エージェント名:3,
信頼度:0
対応表:
0, 0, 1, 0, 
0, 1, 0, 0, 
0, 0, 1, 0, 
0, 1, 0, 0, 
1, 0, 0, 0, 
エージェント名:4,
信頼度:0
対応表:
0, 0, 1, 0, 
0, 1, 0, 0, 
0, 0, 1, 0, 
0, 1, 0, 0, 
1, 0, 0, 0, 
エージェント1's MentalSpace 
エージェント名:0,
信頼度:0
対応表:
0, 0, 1, 0, 
0, 1, 0, 0, 
0, 0, 1, 0, 
0, 1, 0, 0, 
1, 0, 0, 0, 
エージェント名:1,
信頼度:0
対応表:
0, 0, 1, 0, 
0, 1, 0, 0, 
0, 0, 1, 0, 
0, 1, 0, 0, 
1, 0, 0, 0, 
エージェント名:2,
信頼度:0
対応表:
0, 0, 1, 0, 
0, 1, 0, 0, 
0, 0, 1, 0, 
0, 1, 0, 0, 
1, 0, 0, 0, 
エージェント名:3,
信頼度:0
対応表:
0, 0, 1, 0, 
0, 1, 0, 0, 
0, 0, 1, 0, 
0, 1, 0, 0, 
1, 0, 0, 0, 
エージェント名:4,
信頼度:0
対応表:
0, 0, 1, 0, 
0, 1, 0, 0, 
0, 0, 1, 0, 
0, 1, 0, 0, 
1, 0, 0, 0, 
エージェント2's MentalSpace 
エージェント名:0,
信頼度:0
対応表:
0, 0, 1, 0, 
0, 1, 0, 0, 
0, 0, 1, 0, 
0, 1, 0, 0, 
1, 0, 0, 0, 
エージェント名:1,
信頼度:0
対応表:
0, 0, 1, 0, 
0, 1, 0, 0, 
0, 0, 1, 0, 
0, 1, 0, 0, 
1, 0, 0, 0, 
エージェント名:2,
信頼度:0
対応表:
0, 0, 1, 0, 
0, 1, 0, 0, 
0, 0, 1, 0, 
0, 1, 0, 0, 
1, 0, 0, 0, 
エージェント名:3,
信頼度:0
対応表:
0, 0, 1, 0, 
0, 1, 0, 0, 
0, 0, 1, 0, 
0, 1, 0, 0, 
1, 0, 0, 0, 
エージェント名:4,
信頼度:0
対応表:
0, 0, 1, 0, 
0, 1, 0, 0, 
0, 0, 1, 0, 
0, 1, 0, 0, 
1, 0, 0, 0, 
エージェント3's MentalSpace 
エージェント名:0,
信頼度:0
対応表:
0, 0, 1, 0, 
0, 1, 0, 0, 
0, 0, 1, 0, 
0, 1, 0, 0, 
1, 0, 0, 0, 
エージェント名:1,
信頼度:0
対応表:
0, 0, 1, 0, 
0, 1, 0, 0, 
0, 0, 1, 0, 
0, 1, 0, 0, 
1, 0, 0, 0, 
エージェント名:2,
信頼度:0
対応表:
0, 0, 1, 0, 
0, 1, 0, 0, 
0, 0, 1, 0, 
0, 1, 0, 0, 
1, 0, 0, 0, 
エージェント名:3,
信頼度:0
対応表:
0, 0, 1, 0, 
0, 1, 0, 0, 
0, 0, 1, 0, 
0, 1, 0, 0, 
1, 0, 0, 0, 
エージェント名:4,
信頼度:0
対応表:
0, 0, 1, 0, 
0, 1, 0, 0, 
0, 0, 1, 0, 
0, 1, 0, 0, 
1, 0, 0, 0, 
エージェント4's MentalSpace 
エージェント名:0,
信頼度:0
対応表:
0, 0, 1, 0, 
0, 1, 0, 0, 
0, 0, 1, 0, 
0, 1, 0, 0, 
1, 0, 0, 0, 
エージェント名:1,
信頼度:0
対応表:
0, 0, 1, 0, 
0, 1, 0, 0, 
0, 0, 1, 0, 
0, 1, 0, 0, 
1, 0, 0, 0, 
エージェント名:2,
信頼度:0
対応表:
0, 0, 1, 0, 
0, 1, 0, 0, 
0, 0, 1, 0, 
0, 1, 0, 0, 
1, 0, 0, 0, 
エージェント名:3,
信頼度:0
対応表:
0, 0, 1, 0, 
0, 1, 0, 0, 
0, 0, 1, 0, 
0, 1, 0, 0, 
1, 0, 0, 0, 
エージェント名:4,
信頼度:0
対応表:
0, 0, 1, 0, 
0, 1, 0, 0, 
0, 0, 1, 0, 
0, 1, 0, 0, 
1, 0, 0, 0, 
